5.000000000	-0.859500000	0.622000000	0.179881560	0.118392800
4.990000000	-0.863500000	0.624125000	0.177889687	0.117258905
4.980000000	-0.921000000	0.644500000	0.180925953	0.116562048
4.970000000	-0.920000000	0.644750000	0.184867758	0.117442606
4.960000000	-0.924000000	0.647875000	0.185065036	0.116286681
4.950000000	-0.933000000	0.647250000	0.185044138	0.118438333
4.940000000	-0.900000000	0.642125000	0.184235113	0.115071242
4.930000000	-0.906500000	0.647500000	0.187823484	0.113990872
4.920000000	-0.880500000	0.632500000	0.182715274	0.116925813
4.910000000	-0.904000000	0.646000000	0.188282610	0.114610183
4.900000000	-0.912000000	0.631750000	0.185631987	0.124401582
4.890000000	-0.925000000	0.651375000	0.187750135	0.115049578
4.880000000	-0.941000000	0.653500000	0.186864922	0.116547336
4.870000000	-0.965500000	0.661875000	0.192067218	0.117440644
4.860000000	-1.010000000	0.676875000	0.186946434	0.114631880
4.850000000	-0.939500000	0.655500000	0.193574620	0.116964742
4.840000000	-0.933500000	0.649500000	0.195269748	0.120268388
4.830000000	-0.947000000	0.655125000	0.188468552	0.117183217
4.820000000	-0.890500000	0.641250000	0.194213211	0.116845176
4.810000000	-0.913000000	0.649375000	0.191636620	0.115176390
4.800000000	-0.960000000	0.655750000	0.191388889	0.120305781
4.790000000	-0.944000000	0.653625000	0.204821980	0.122515123
4.780000000	-0.950000000	0.656875000	0.192836260	0.117952079
4.770000000	-0.906500000	0.639125000	0.200986731	0.123443802
4.760000000	-0.960000000	0.653750000	0.196031354	0.123097426
4.750000000	-0.946500000	0.649500000	0.196279269	0.123284000
4.740000000	-0.932000000	0.645875000	0.200711424	0.124078468
4.730000000	-0.964500000	0.653500000	0.198944214	0.125105920
4.720000000	-0.945500000	0.654250000	0.201276528	0.121361811
4.710000000	-0.957500000	0.660250000	0.199096425	0.119061518
4.700000000	-0.981500000	0.667000000	0.206004120	0.121371064
4.690000000	-0.971000000	0.663250000	0.206429140	0.121939819
4.680000000	-0.934000000	0.647750000	0.200826211	0.123329006
4.670000000	-1.005000000	0.678625000	0.201747910	0.116728573
4.660000000	-0.957000000	0.658750000	0.205594319	0.121929989
4.650000000	-0.943000000	0.655875000	0.211770332	0.122809019
4.640000000	-0.941000000	0.653750000	0.207810456	0.122724946
4.630000000	-0.925500000	0.644500000	0.213174433	0.127425270
4.620000000	-0.977000000	0.659000000	0.209791983	0.127245887
4.610000000	-0.966500000	0.658500000	0.210215038	0.125490456
4.600000000	-1.036000000	0.687500000	0.209584877	0.119103261
4.590000000	-0.992500000	0.670125000	0.211493917	0.123089311
4.580000000	-0.981000000	0.660625000	0.210072081	0.127084812
4.570000000	-0.995500000	0.674625000	0.209908546	0.119972525
4.560000000	-0.970500000	0.661750000	0.215668234	0.125624507
4.550000000	-0.944000000	0.650750000	0.217725202	0.128373132
4.540000000	-1.013500000	0.678375000	0.217317967	0.123233356
4.530000000	-0.981500000	0.667625000	0.212399602	0.122816211
4.520000000	-1.006000000	0.674625000	0.215358290	0.123843902
4.510000000	-1.035500000	0.690250000	0.214500371	0.118230543
4.500000000	-0.969500000	0.659250000	0.219470568	0.128346167
4.490000000	-1.016500000	0.674500000	0.220182985	0.127661247
4.480000000	-1.036000000	0.682750000	0.218970026	0.125426283
4.470000000	-1.031000000	0.681000000	0.221219064	0.126276510
4.460000000	-1.070000000	0.696125000	0.216996119	0.122172632
4.450000000	-0.961500000	0.655875000	0.225530665	0.130800435
4.440000000	-1.032000000	0.686125000	0.229887184	0.124927914
4.430000000	-1.004500000	0.673000000	0.221754964	0.126587810
4.420000000	-0.980500000	0.664500000	0.226780727	0.129017873
4.410000000	-1.022500000	0.680125000	0.227784462	0.126863931
4.400000000	-1.035000000	0.681375000	0.227432851	0.128673281
4.390000000	-1.037500000	0.690500000	0.228017445	0.122172893
4.380000000	-1.070000000	0.695250000	0.226663331	0.125573002
4.370000000	-1.053500000	0.688375000	0.230223282	0.128217263
4.360000000	-1.076500000	0.694500000	0.232334768	0.129284174
4.350000000	-1.042500000	0.687625000	0.226649491	0.125272974
4.340000000	-1.012500000	0.670750000	0.235265933	0.133958007
4.330000000	-1.037500000	0.682250000	0.235660492	0.130863684
4.320000000	-1.054000000	0.690500000	0.229570473	0.126467361
4.310000000	-1.038500000	0.681250000	0.233099036	0.131228248
4.300000000	-1.094500000	0.703125000	0.233438561	0.126793241
4.290000000	-1.085000000	0.706125000	0.229247831	0.120815836
4.280000000	-1.070500000	0.699625000	0.235616593	0.124497532
4.270000000	-1.085500000	0.704625000	0.241473326	0.125471765
4.260000000	-1.064000000	0.693750000	0.239349335	0.128836561
4.250000000	-1.021000000	0.673250000	0.243500955	0.136338294
4.240000000	-1.051500000	0.691000000	0.243268901	0.129145283
4.230000000	-1.044500000	0.691375000	0.245464905	0.127719252
4.220000000	-1.055500000	0.690250000	0.248628681	0.132161078
4.210000000	-1.056000000	0.691875000	0.241674105	0.129094047
4.200000000	-1.091500000	0.702250000	0.246174093	0.130209464
4.190000000	-1.117000000	0.716375000	0.242493720	0.123264305
4.180000000	-1.082000000	0.699000000	0.246165610	0.130644976
4.170000000	-1.083000000	0.699250000	0.250990229	0.131941906
4.160000000	-1.106000000	0.710000000	0.248419933	0.127668269
4.150000000	-1.086000000	0.706625000	0.252832980	0.126740828
4.140000000	-1.097500000	0.701500000	0.258230939	0.135529227
4.130000000	-1.101500000	0.705500000	0.247570836	0.130285472
4.120000000	-1.095000000	0.703750000	0.255673249	0.132267900
4.110000000	-1.118500000	0.713375000	0.254310062	0.129351445
4.100000000	-1.130000000	0.714000000	0.250588935	0.130808780
4.090000000	-1.104000000	0.700750000	0.256140028	0.137358863
4.080000000	-1.098500000	0.711125000	0.258145365	0.127194838
4.070000000	-1.122500000	0.711250000	0.256685824	0.132922297
4.060000000	-1.127500000	0.717125000	0.258619173	0.129353925
4.050000000	-1.163000000	0.724500000	0.258358421	0.131826914
4.040000000	-1.098500000	0.705000000	0.265243052	0.134504950
4.030000000	-1.132500000	0.715375000	0.263148902	0.133425419
4.020000000	-1.160000000	0.722375000	0.259993565	0.133444636
4.010000000	-1.168000000	0.724375000	0.261136684	0.134008339
4.000000000	-1.148000000	0.717750000	0.263024000	0.135334937
3.990000000	-1.178000000	0.731125000	0.260881778	0.130219283
3.980000000	-1.156500000	0.721125000	0.264010442	0.134714808
3.970000000	-1.159000000	0.729500000	0.268187477	0.128417884
3.960000000	-1.180000000	0.727875000	0.258545046	0.133343924
3.950000000	-1.189500000	0.737125000	0.264083256	0.128313149
3.940000000	-1.173500000	0.727125000	0.265891353	0.134113436
3.930000000	-1.149000000	0.721125000	0.270328458	0.134265887
3.920000000	-1.166500000	0.724500000	0.269230984	0.135560969
3.910000000	-1.153000000	0.722875000	0.277494522	0.135436557
3.900000000	-1.161000000	0.725125000	0.270895201	0.133852548
3.890000000	-1.132000000	0.713000000	0.281408661	0.140108997
3.880000000	-1.151500000	0.716875000	0.272358314	0.139590448
3.870000000	-1.164500000	0.725000000	0.280682852	0.137338501
3.860000000	-1.147500000	0.717125000	0.279804491	0.140071745
3.850000000	-1.176500000	0.728500000	0.280883184	0.137311948
3.840000000	-1.232000000	0.747250000	0.275112847	0.132804622
3.830000000	-1.177500000	0.729375000	0.281546333	0.136892542
3.820000000	-1.197000000	0.734875000	0.283213454	0.137325900
3.810000000	-1.217500000	0.742000000	0.281809508	0.135628346
3.800000000	-1.171500000	0.727375000	0.283265305	0.137619062
3.790000000	-1.211500000	0.741625000	0.282723665	0.134490617
3.780000000	-1.214000000	0.740750000	0.287283111	0.137211045
3.770000000	-1.221500000	0.749125000	0.282261256	0.129442158
3.760000000	-1.221500000	0.743500000	0.285462243	0.136125266
3.750000000	-1.237000000	0.756000000	0.284396373	0.127161600
3.740000000	-1.217000000	0.736875000	0.287943893	0.142329128
3.730000000	-1.256500000	0.756875000	0.281237628	0.131316605
3.720000000	-1.233000000	0.745375000	0.290123425	0.138686677
3.710000000	-1.297500000	0.771000000	0.275933406	0.127017790
3.700000000	-1.238500000	0.752625000	0.293095033	0.133235794
3.690000000	-1.229000000	0.750000000	0.298340641	0.134417344
3.680000000	-1.289000000	0.765000000	0.285467569	0.133315217
3.670000000	-1.266000000	0.753750000	0.292004247	0.140175409
3.660000000	-1.267500000	0.757125000	0.293363119	0.137239600
3.650000000	-1.198500000	0.734125000	0.304026346	0.143559435
3.640000000	-1.220000000	0.752875000	0.309020650	0.130897510
3.630000000	-1.267500000	0.766500000	0.297017887	0.127523691
3.620000000	-1.266000000	0.761250000	0.300736852	0.133838052
3.610000000	-1.272000000	0.763375000	0.297117425	0.132488764
3.600000000	-1.272000000	0.760375000	0.301239506	0.136824844
3.590000000	-1.270500000	0.762125000	0.299448251	0.133958757
3.580000000	-1.283500000	0.768000000	0.303245139	0.132179888
3.570000000	-1.265000000	0.758625000	0.313152712	0.139272391
3.560000000	-1.273000000	0.765875000	0.307243719	0.132160657
3.550000000	-1.271500000	0.762000000	0.311140726	0.137020845
3.540000000	-1.317500000	0.777250000	0.302337690	0.132070551
3.530000000	-1.292500000	0.764875000	0.307022366	0.139550974
3.520000000	-1.332000000	0.782875000	0.296931818	0.128885494
3.510000000	-1.289000000	0.765500000	0.313139991	0.139042450
3.500000000	-1.345000000	0.783625000	0.297461224	0.132422125
3.490000000	-1.342000000	0.783000000	0.302472393	0.133279083
3.480000000	-1.284000000	0.761250000	0.318187343	0.143532687
3.470000000	-1.329000000	0.778625000	0.308202543	0.135510789
3.460000000	-1.308000000	0.771500000	0.317129206	0.139060983
3.450000000	-1.356000000	0.785375000	0.304226507	0.135505634
3.440000000	-1.379500000	0.794875000	0.299479364	0.130652598
3.430000000	-1.318500000	0.775000000	0.317744392	0.138483965
3.420000000	-1.338000000	0.782625000	0.319331076	0.136035800
3.410000000	-1.370000000	0.795250000	0.317541129	0.130735997
3.400000000	-1.330000000	0.775125000	0.320103806	0.142786746
3.390000000	-1.342500000	0.781500000	0.321157578	0.139389676
3.380000000	-1.356500000	0.793125000	0.321034890	0.129455899
3.370000000	-1.351000000	0.783375000	0.326426754	0.141111109
3.360000000	-1.395000000	0.798750000	0.312491142	0.133926711
3.350000000	-1.358000000	0.785250000	0.327854221	0.141501418
3.340000000	-1.340500000	0.785000000	0.332051974	0.136556886
3.330000000	-1.394000000	0.799250000	0.316267258	0.133723048
3.320000000	-1.370000000	0.793250000	0.321926259	0.134192093
3.310000000	-1.353000000	0.787125000	0.326901361	0.137156174
3.300000000	-1.358500000	0.788750000	0.333325161	0.138331439
3.290000000	-1.421500000	0.808625000	0.318673238	0.131687671
3.280000000	-1.374500000	0.788125000	0.331554785	0.144568883
3.270000000	-1.444000000	0.815375000	0.311557763	0.129328574
3.260000000	-1.394000000	0.795125000	0.328489593	0.141826668
3.250000000	-1.400500000	0.803875000	0.330830675	0.132889212
3.240000000	-1.455000000	0.818250000	0.310537647	0.129280170
3.230000000	-1.442000000	0.815625000	0.320768339	0.130115615
3.220000000	-1.480500000	0.830875000	0.302117877	0.119359297
3.210000000	-1.415000000	0.807500000	0.335313128	0.134197819
3.200000000	-1.403500000	0.805625000	0.344213965	0.134257324
3.190000000	-1.444500000	0.815750000	0.321702715	0.131099608
3.180000000	-1.409500000	0.802000000	0.337134508	0.140152201
3.170000000	-1.420000000	0.808250000	0.344555125	0.136885726
3.160000000	-1.444000000	0.811375000	0.336029482	0.140010265
3.150000000	-1.492500000	0.837750000	0.315825145	0.116571349
3.140000000	-1.452500000	0.820125000	0.330741105	0.129722910
3.130000000	-1.414500000	0.812625000	0.353658708	0.130291514
3.120000000	-1.430000000	0.813750000	0.352194280	0.134372997
3.110000000	-1.440500000	0.811375000	0.349028546	0.141296604
3.100000000	-1.433000000	0.811125000	0.349848491	0.138888690
3.090000000	-1.448500000	0.819375000	0.346392581	0.132281048
3.080000000	-1.438000000	0.811000000	0.355100354	0.142083117
3.070000000	-1.414500000	0.805250000	0.370164034	0.144068322
3.060000000	-1.483500000	0.828750000	0.335865586	0.130292075
3.050000000	-1.482500000	0.833625000	0.340206934	0.123287684
3.040000000	-1.479500000	0.825625000	0.348891859	0.135895868
3.030000000	-1.426500000	0.802250000	0.369505277	0.153161634
3.020000000	-1.512000000	0.838250000	0.335009868	0.127267467
3.010000000	-1.469000000	0.824125000	0.354097195	0.134891009
3.000000000	-1.480500000	0.828000000	0.351608778	0.133221333
2.990000000	-1.495500000	0.832875000	0.357257637	0.132952153
2.980000000	-1.511000000	0.840000000	0.342722850	0.125536913
2.970000000	-1.529500000	0.843500000	0.337212643	0.126778114
2.960000000	-1.521000000	0.843000000	0.345397644	0.125474324
2.950000000	-1.515500000	0.843750000	0.347605745	0.122319915
2.940000000	-1.510000000	0.836375000	0.350733491	0.132366475
2.930000000	-1.532000000	0.844875000	0.345246188	0.127131378
2.920000000	-1.515500000	0.843375000	0.353846758	0.124015218
2.910000000	-1.557500000	0.852875000	0.336884897	0.123596886
2.900000000	-1.562000000	0.851750000	0.336816171	0.127444052
2.890000000	-1.576000000	0.856875000	0.324816034	0.122944961
2.880000000	-1.537000000	0.843625000	0.349937789	0.132269944
2.870000000	-1.541500000	0.847500000	0.356822470	0.129085366
2.860000000	-1.524000000	0.841625000	0.369418553	0.133363440
2.850000000	-1.582500000	0.859500000	0.333244075	0.122996140
2.840000000	-1.554500000	0.849500000	0.355350997	0.131302465
2.830000000	-1.597500000	0.870750000	0.328131828	0.109426767
2.820000000	-1.635500000	0.882250000	0.306895906	0.102850975
2.810000000	-1.568500000	0.855125000	0.346909360	0.126617415
2.800000000	-1.597500000	0.864875000	0.336221301	0.121148192
2.790000000	-1.546500000	0.849125000	0.373755604	0.131611806
2.780000000	-1.604500000	0.872875000	0.334651286	0.109930553
2.770000000	-1.616000000	0.872750000	0.328712221	0.114523375
2.760000000	-1.589500000	0.861625000	0.349973614	0.125601245
2.750000000	-1.602500000	0.866125000	0.345385124	0.122930886
2.740000000	-1.576500000	0.858000000	0.366374207	0.128775182
2.730000000	-1.627000000	0.877375000	0.332150438	0.111942285
2.720000000	-1.602000000	0.871750000	0.346883651	0.112760202
2.710000000	-1.657500000	0.888500000	0.316822347	0.103421033
2.700000000	-1.627500000	0.872000000	0.335936214	0.122764444
2.690000000	-1.638000000	0.877250000	0.328882133	0.116999907
2.680000000	-1.637500000	0.879750000	0.335037731	0.113119310
2.670000000	-1.652500000	0.886375000	0.327817055	0.106781812
2.660000000	-1.634500000	0.877500000	0.339990813	0.116719925
2.650000000	-1.667500000	0.892375000	0.326062656	0.102421675
2.640000000	-1.657500000	0.884250000	0.331550591	0.113980208
2.630000000	-1.650000000	0.884500000	0.342060750	0.111459696
2.620000000	-1.652500000	0.885875000	0.345110279	0.110554175
2.610000000	-1.628000000	0.876000000	0.359135068	0.119538697
2.600000000	-1.639000000	0.881375000	0.357206509	0.114408630
2.590000000	-1.717000000	0.905125000	0.290938418	0.096812717
2.580000000	-1.676500000	0.894250000	0.331919807	0.104173547
2.570000000	-1.668000000	0.889875000	0.345062605	0.110599197
2.560000000	-1.701500000	0.902500000	0.318541107	0.098427734
2.550000000	-1.710500000	0.897375000	0.309536178	0.112204877
2.540000000	-1.678000000	0.894375000	0.338716597	0.105757259
2.530000000	-1.693500000	0.898250000	0.331864425	0.104975395
2.520000000	-1.707000000	0.898125000	0.320074956	0.110609499
2.510000000	-1.713500000	0.907250000	0.319307789	0.095055677
2.500000000	-1.691500000	0.898875000	0.349329760	0.105337975
2.490000000	-1.683000000	0.895375000	0.354517508	0.108821059
2.480000000	-1.720500000	0.906125000	0.317949889	0.101008039
2.470000000	-1.727000000	0.913875000	0.315672114	0.087684185
2.460000000	-1.734000000	0.909250000	0.308839976	0.100429980
2.450000000	-1.688000000	0.895125000	0.353623324	0.111940791
2.440000000	-1.740000000	0.915875000	0.306638001	0.089115548
2.430000000	-1.747000000	0.916875000	0.300761063	0.089963349
2.420000000	-1.730000000	0.908500000	0.327231746	0.102690496
2.410000000	-1.735000000	0.918500000	0.326285704	0.083373859
2.400000000	-1.751500000	0.916750000	0.305033160	0.093449063
2.390000000	-1.745000000	0.915375000	0.315803295	0.094395162
2.380000000	-1.757500000	0.919000000	0.308024680	0.092334454
2.370000000	-1.787500000	0.927875000	0.274773452	0.084785628
2.360000000	-1.725500000	0.909625000	0.343040613	0.100033660
2.350000000	-1.770000000	0.924625000	0.302109552	0.085967846
2.340000000	-1.783500000	0.927500000	0.286454635	0.085032051
2.330000000	-1.764000000	0.922500000	0.314099726	0.089045064
2.320000000	-1.788500000	0.928125000	0.287059862	0.086674973
2.310000000	-1.773500000	0.924500000	0.302616330	0.088397835
2.300000000	-1.769500000	0.922125000	0.308408129	0.092387799
2.290000000	-1.815500000	0.940875000	0.258545604	0.068675519
2.280000000	-1.771500000	0.925875000	0.317626770	0.086084183
2.270000000	-1.770500000	0.924750000	0.316970832	0.088039537
2.260000000	-1.772000000	0.925000000	0.324235257	0.089380531
2.250000000	-1.810500000	0.932625000	0.272663506	0.087596639
2.240000000	-1.819500000	0.940250000	0.261814214	0.073089174
2.230000000	-1.829000000	0.942375000	0.254788152	0.072855353
2.220000000	-1.811500000	0.937750000	0.282012621	0.077026914
2.210000000	-1.799500000	0.934250000	0.302041113	0.080863235
2.200000000	-1.821500000	0.943000000	0.270361777	0.068638182
2.190000000	-1.844000000	0.948000000	0.239914931	0.066294064
2.180000000	-1.822500000	0.942000000	0.273961577	0.072267890
2.170000000	-1.804500000	0.938125000	0.304767355	0.074624856
2.160000000	-1.863500000	0.954625000	0.219794024	0.059265943
2.150000000	-1.843500000	0.946500000	0.256577826	0.072116744
2.140000000	-1.843500000	0.946875000	0.251993842	0.070542494
2.130000000	-1.846000000	0.947500000	0.252404946	0.070645540
2.120000000	-1.853000000	0.949750000	0.247766999	0.068820637
2.110000000	-1.846000000	0.948500000	0.255415647	0.068431754
2.100000000	-1.843000000	0.949125000	0.271520181	0.066855685
2.090000000	-1.822500000	0.938250000	0.296232916	0.085046770
2.080000000	-1.858500000	0.952000000	0.243137713	0.066001923
2.070000000	-1.853000000	0.951000000	0.254279913	0.066374879
2.060000000	-1.862000000	0.954500000	0.242205674	0.061514078
2.050000000	-1.879000000	0.960875000	0.216403569	0.052500945
2.040000000	-1.875500000	0.961750000	0.224432670	0.048601838
2.030000000	-1.850500000	0.950875000	0.272415977	0.067289132
2.020000000	-1.862000000	0.954750000	0.253853544	0.062282054
2.010000000	-1.899500000	0.964250000	0.189004975	0.054173010
2.000000000	-1.878000000	0.960500000	0.229116000	0.054379500
1.990000000	-1.872000000	0.959125000	0.246070554	0.056063788
1.980000000	-1.887500000	0.961875000	0.216655188	0.055775726
1.970000000	-1.909500000	0.967375000	0.178113067	0.051265197
1.960000000	-1.905000000	0.966625000	0.188437110	0.051425733
1.950000000	-1.881500000	0.958875000	0.234538067	0.062299968
1.940000000	-1.879000000	0.960500000	0.243765544	0.056834536
1.930000000	-1.919500000	0.974875000	0.168079412	0.035349709
1.920000000	-1.899500000	0.967625000	0.209309625	0.046904915
1.910000000	-1.908000000	0.970500000	0.194661331	0.042941885
1.900000000	-1.888000000	0.960875000	0.234300277	0.061382599
1.890000000	-1.900500000	0.965875000	0.211751911	0.053223247
1.880000000	-1.912000000	0.970375000	0.192684473	0.046137999
1.870000000	-1.894500000	0.964250000	0.228625068	0.055554947
1.860000000	-1.899000000	0.966750000	0.221758585	0.050579435
1.850000000	-1.908000000	0.970875000	0.205155296	0.042895642
1.840000000	-1.913000000	0.972375000	0.196633979	0.041139912
1.830000000	-1.918000000	0.974375000	0.187853922	0.037772370
1.820000000	-1.905000000	0.966875000	0.218542447	0.054593922
1.810000000	-1.925500000	0.975500000	0.177588901	0.039004972
1.800000000	-1.944500000	0.981750000	0.133234259	0.029259861
1.790000000	-1.929500000	0.977000000	0.169819606	0.036527374
1.780000000	-1.920000000	0.973625000	0.196439843	0.042678336
1.770000000	-1.923000000	0.974000000	0.191606499	0.043387571
1.760000000	-1.938500000	0.980375000	0.156531185	0.031368999
1.750000000	-1.939000000	0.979000000	0.154486857	0.036134857
1.740000000	-1.944000000	0.981500000	0.143828775	0.030822414
1.730000000	-1.943000000	0.980125000	0.150691303	0.035358345
1.720000000	-1.941000000	0.979500000	0.154839102	0.036231977
1.710000000	-1.931500000	0.975625000	0.180989364	0.044078034
1.700000000	-1.939000000	0.981750000	0.166476125	0.028039853
1.690000000	-1.957000000	0.986750000	0.117854417	0.021182101
1.680000000	-1.933000000	0.976125000	0.183547336	0.044029725
1.670000000	-1.949500000	0.983375000	0.141202266	0.028829004
1.660000000	-1.947500000	0.982500000	0.148415953	0.030888554
1.650000000	-1.951500000	0.984375000	0.139060055	0.026832386
1.640000000	-1.961500000	0.987875000	0.115285173	0.020830450
1.630000000	-1.955500000	0.986250000	0.131009447	0.022848926
1.620000000	-1.954000000	0.983750000	0.136997409	0.031138117
1.610000000	-1.949000000	0.982500000	0.153387601	0.032779503
1.600000000	-1.973000000	0.989875000	0.083235938	0.020837461
1.590000000	-1.969500000	0.991125000	0.095043313	0.014110024
1.580000000	-1.960500000	0.987375000	0.124082278	0.022539517
1.570000000	-1.959000000	0.986875000	0.130340379	0.023605693
1.560000000	-1.979500000	0.993250000	0.066699129	0.012703686
1.550000000	-1.964500000	0.989250000	0.116111967	0.018411452
1.540000000	-1.974000000	0.991000000	0.086564345	0.017971429
1.530000000	-1.974000000	0.991000000	0.087699603	0.018088889
1.520000000	-1.978500000	0.991750000	0.073645689	0.018241941
1.510000000	-1.974000000	0.990250000	0.090038156	0.021271358
1.500000000	-1.974500000	0.991875000	0.089510667	0.015323958
1.490000000	-1.979000000	0.992875000	0.074877708	0.014461032
1.480000000	-1.970500000	0.990000000	0.106153671	0.020337838
1.470000000	-1.976500000	0.991750000	0.085978527	0.017501871
1.460000000	-1.982000000	0.994875000	0.066946894	0.008660916
1.450000000	-1.977500000	0.991125000	0.084649227	0.020989612
1.440000000	-1.980000000	0.993750000	0.076388889	0.012044271
1.430000000	-1.977000000	0.993125000	0.088945181	0.012630026
1.420000000	-1.983000000	0.995000000	0.066873636	0.009084507
1.410000000	-1.986500000	0.995375000	0.053956541	0.010045700
1.400000000	-1.980500000	0.993875000	0.078815816	0.012214241
1.390000000	-1.986500000	0.996125000	0.055520418	0.006971178
1.380000000	-1.977000000	0.993750000	0.095507246	0.010394022
1.370000000	-1.986000000	0.994500000	0.059255155	0.013780292
1.360000000	-1.989500000	0.996625000	0.045176795	0.007135616
1.350000000	-1.984500000	0.995500000	0.067511111	0.008458519
1.340000000	-1.990000000	0.996500000	0.044330586	0.008172388
1.330000000	-1.982000000	0.993125000	0.080673865	0.017339051
1.320000000	-1.989000000	0.996000000	0.050227273	0.009800000
1.310000000	-1.995000000	0.998375000	0.023250393	0.003617891
1.300000000	-1.989500000	0.997000000	0.049443195	0.005741538
1.290000000	-1.993000000	0.998000000	0.033534042	0.003863566
1.280000000	-1.986000000	0.996000000	0.067880859	0.007762500
1.270000000	-1.994500000	0.998250000	0.027205034	0.003927362
1.260000000	-1.993500000	0.998000000	0.032647392	0.004352381
1.250000000	-1.993500000	0.998125000	0.033171840	0.003788750
1.240000000	-1.995000000	0.998250000	0.025949532	0.004425605
1.230000000	-1.992000000	0.997750000	0.042133651	0.004455081
1.220000000	-1.997000000	0.999125000	0.016100511	0.001841752
1.210000000	-1.994500000	0.998125000	0.029969947	0.004740444
1.200000000	-1.990500000	0.997000000	0.052527083	0.007053333
1.190000000	-1.998500000	0.999375000	0.008467622	0.001889443
1.180000000	-1.998500000	0.999625000	0.008611749	0.000635117
1.170000000	-1.998500000	0.999625000	0.008759588	0.000640545
1.160000000	-1.998500000	0.999625000	0.008911266	0.000646067
1.150000000	-1.998000000	0.999125000	0.012086200	0.002823424
1.140000000	-2.000000000	1.000000000	0.000000000	0.000000000
1.130000000	-1.997500000	0.999375000	0.015643355	0.001104812
1.120000000	-1.997000000	0.998500000	0.019103954	0.005349107
1.110000000	-1.998000000	0.999250000	0.012972973	0.002250225
1.100000000	-1.998000000	0.999000000	0.013209917	0.003632727
1.090000000	-1.999500000	0.999875000	0.003365878	0.000229300
1.080000000	-1.992000000	0.998000000	0.054650206	0.003688889
1.070000000	-1.993500000	0.998250000	0.045271203	0.003726869
1.060000000	-2.000000000	1.000000000	0.000000000	0.000000000
1.050000000	-1.990500000	0.996000000	0.068606803	0.013748571
1.040000000	-1.999000000	0.999750000	0.007392751	0.000480529
1.030000000	-1.998500000	0.999250000	0.011302668	0.002910437
1.020000000	-1.999500000	0.999875000	0.003843714	0.000245037
1.010000000	-2.000000000	1.000000000	0.000000000	0.000000000
1.000000000	-2.000000000	1.000000000	0.000000000	0.000000000
0.990000000	-1.998500000	0.999625000	0.012234466	0.000757008
0.980000000	-1.997000000	0.999250000	0.024952103	0.001528316
0.970000000	-2.000000000	1.000000000	0.000000000	0.000000000
0.960000000	-2.000000000	1.000000000	0.000000000	0.000000000
0.950000000	-2.000000000	1.000000000	0.000000000	0.000000000
0.940000000	-1.998000000	0.999500000	0.018089633	0.001062766
0.930000000	-2.000000000	1.000000000	0.000000000	0.000000000
0.920000000	-1.999000000	0.999750000	0.009447070	0.000543207
0.910000000	-2.000000000	1.000000000	0.000000000	0.000000000
0.900000000	-1.999000000	0.999625000	0.009871605	0.001388264
0.890000000	-2.000000000	1.000000000	0.000000000	0.000000000
0.880000000	-2.000000000	1.000000000	0.000000000	0.000000000
0.870000000	-2.000000000	1.000000000	0.000000000	0.000000000
0.860000000	-1.997500000	0.999375000	0.027007842	0.001451672
0.850000000	-2.000000000	1.000000000	0.000000000	0.000000000
0.840000000	-2.000000000	1.000000000	0.000000000	0.000000000
0.830000000	-2.000000000	1.000000000	0.000000000	0.000000000
0.820000000	-2.000000000	1.000000000	0.000000000	0.000000000
0.810000000	-1.999500000	0.999875000	0.006095107	0.000308565
0.800000000	-2.000000000	1.000000000	0.000000000	0.000000000
0.790000000	-2.000000000	1.000000000	0.000000000	0.000000000
0.780000000	-2.000000000	1.000000000	0.000000000	0.000000000
0.770000000	-2.000000000	1.000000000	0.000000000	0.000000000
0.760000000	-2.000000000	1.000000000	0.000000000	0.000000000
0.750000000	-2.000000000	1.000000000	0.000000000	0.000000000
0.740000000	-2.000000000	1.000000000	0.000000000	0.000000000
0.730000000	-2.000000000	1.000000000	0.000000000	0.000000000
0.720000000	-2.000000000	1.000000000	0.000000000	0.000000000
0.710000000	-2.000000000	1.000000000	0.000000000	0.000000000
0.700000000	-2.000000000	1.000000000	0.000000000	0.000000000
0.690000000	-2.000000000	1.000000000	0.000000000	0.000000000
0.680000000	-2.000000000	1.000000000	0.000000000	0.000000000
0.670000000	-2.000000000	1.000000000	0.000000000	0.000000000
0.660000000	-2.000000000	1.000000000	0.000000000	0.000000000
0.650000000	-2.000000000	1.000000000	0.000000000	0.000000000
0.640000000	-2.000000000	1.000000000	0.000000000	0.000000000
0.630000000	-2.000000000	1.000000000	0.000000000	0.000000000
0.620000000	-2.000000000	1.000000000	0.000000000	0.000000000
0.610000000	-2.000000000	1.000000000	0.000000000	0.000000000
0.600000000	-2.000000000	1.000000000	0.000000000	0.000000000
0.590000000	-2.000000000	1.000000000	0.000000000	0.000000000
0.580000000	-2.000000000	1.000000000	0.000000000	0.000000000
0.570000000	-2.000000000	1.000000000	0.000000000	0.000000000
0.560000000	-2.000000000	1.000000000	0.000000000	0.000000000
0.550000000	-2.000000000	1.000000000	0.000000000	0.000000000
0.540000000	-2.000000000	1.000000000	0.000000000	0.000000000
0.530000000	-2.000000000	1.000000000	0.000000000	0.000000000
0.520000000	-2.000000000	1.000000000	0.000000000	0.000000000
0.510000000	-2.000000000	1.000000000	0.000000000	0.000000000
0.500000000	-2.000000000	1.000000000	0.000000000	0.000000000
0.490000000	-2.000000000	1.000000000	0.000000000	0.000000000
0.480000000	-2.000000000	1.000000000	0.000000000	0.000000000
0.470000000	-2.000000000	1.000000000	0.000000000	0.000000000
0.460000000	-2.000000000	1.000000000	0.000000000	0.000000000
0.450000000	-2.000000000	1.000000000	0.000000000	0.000000000
0.440000000	-2.000000000	1.000000000	0.000000000	0.000000000
0.430000000	-2.000000000	1.000000000	0.000000000	0.000000000
0.420000000	-2.000000000	1.000000000	0.000000000	0.000000000
0.410000000	-2.000000000	1.000000000	0.000000000	0.000000000
0.400000000	-2.000000000	1.000000000	0.000000000	0.000000000
0.390000000	-2.000000000	1.000000000	0.000000000	0.000000000
0.380000000	-2.000000000	1.000000000	0.000000000	0.000000000
0.370000000	-2.000000000	1.000000000	0.000000000	0.000000000
0.360000000	-2.000000000	1.000000000	0.000000000	0.000000000
0.350000000	-2.000000000	1.000000000	0.000000000	0.000000000
0.340000000	-2.000000000	1.000000000	0.000000000	0.000000000
0.330000000	-2.000000000	1.000000000	0.000000000	0.000000000
0.320000000	-2.000000000	1.000000000	0.000000000	0.000000000
0.310000000	-2.000000000	1.000000000	0.000000000	0.000000000
0.300000000	-2.000000000	1.000000000	0.000000000	0.000000000
0.290000000	-2.000000000	1.000000000	0.000000000	0.000000000
0.280000000	-2.000000000	1.000000000	0.000000000	0.000000000
0.270000000	-2.000000000	1.000000000	0.000000000	0.000000000
0.260000000	-2.000000000	1.000000000	0.000000000	0.000000000
0.250000000	-2.000000000	1.000000000	0.000000000	0.000000000
0.240000000	-2.000000000	1.000000000	0.000000000	0.000000000
0.230000000	-2.000000000	1.000000000	0.000000000	0.000000000
0.220000000	-2.000000000	1.000000000	0.000000000	0.000000000
0.210000000	-2.000000000	1.000000000	0.000000000	0.000000000
0.200000000	-2.000000000	1.000000000	0.000000000	0.000000000
0.190000000	-2.000000000	1.000000000	0.000000000	0.000000000
0.180000000	-2.000000000	1.000000000	0.000000000	0.000000000
0.170000000	-2.000000000	1.000000000	0.000000000	0.000000000
0.160000000	-2.000000000	1.000000000	0.000000000	0.000000000
0.150000000	-2.000000000	1.000000000	0.000000000	0.000000000
0.140000000	-2.000000000	1.000000000	0.000000000	0.000000000
0.130000000	-2.000000000	1.000000000	0.000000000	0.000000000
0.120000000	-2.000000000	1.000000000	0.000000000	0.000000000
0.110000000	-2.000000000	1.000000000	0.000000000	0.000000000
0.100000000	-2.000000000	1.000000000	0.000000000	0.000000000
0.090000000	-2.000000000	1.000000000	0.000000000	0.000000000
0.080000000	-2.000000000	1.000000000	0.000000000	0.000000000
0.070000000	-2.000000000	1.000000000	0.000000000	0.000000000
0.060000000	-2.000000000	1.000000000	0.000000000	0.000000000
0.050000000	-2.000000000	1.000000000	0.000000000	0.000000000
0.040000000	-2.000000000	1.000000000	0.000000000	0.000000000
0.030000000	-2.000000000	1.000000000	0.000000000	0.000000000
0.020000000	-2.000000000	1.000000000	0.000000000	0.000000000
0.010000000	-2.000000000	1.000000000	0.000000000	0.000000000
0.000000000	-2.000000000	1.000000000	0.000000000	0.000000000
