1 395
267 376
1 395
598 657
1 395
141 37
1 395
38 804
1 395
151 558
1 395
493 104
1 395
161 589
1 395
14 24
1 395
151 201
267 376
598 657
267 376
141 37
267 376
38 804
267 376
151 558
267 376
493 104
267 376
161 589
267 376
14 24
267 376
151 201
598 657
141 37
598 657
38 804
598 657
151 558
598 657
493 104
598 657
161 589
598 657
14 24
598 657
151 201
141 37
38 804
141 37
151 558
141 37
493 104
141 37
161 589
141 37
14 24
141 37
151 201
38 804
151 558
38 804
493 104
38 804
161 589
38 804
14 24
38 804
151 201
151 558
493 104
151 558
161 589
151 558
14 24
151 558
151 201
493 104
161 589
493 104
14 24
493 104
151 201
161 589
14 24
161 589
151 201
14 24
151 201
